Bloom
[ 86464   1711 606322  91935]
[209718   1732  81207 493775]
[ 165427 2238553  137235 3474785]
[ 205075 2135725    1050 3674150]
[ 128719  243476   13057 5630748]
[  23697 2486909  318274 9383344]

big_low_contrast
[3676600   28696  772840 7734088]
[  826619   679807   403242 10302556]
[ 129273  808421  160671 4917635]
[ 4382672  8508478   231836 16609626]

small_low_contrast
[  333384   606497     3735 11268608]
[  589633    74208   169689 11378694]
[  182145  1288010   696307 10045762]
[  83635    1015  452189 5479161]

big_high_contrast
[1921176  179534  212257 9899257]
[ 551171   11619 1661925 2793397]
[ 808529   82822  289891 3836870]
[2026526   35639 3815298 6334761]
[ 3830977   278038  3077141 22395345]

small_high_contrast
[  185971   164224    73161 11788868]
[  392466  1189639     1626 10628493]
[ 148551   33063     330 5834056]
[ 3749520   117430   672427 24741147]
