bloom
[107401   4984 585385  88662]
[131330    170 159595 495337]
[  54650 1241175  248012 4472163]
[ 206109 1766431      16 4043444]
[ 110776   98289   31000 5775935]
[     625  1064335   341346 10805918]

big_low_contrast
[3417875   11475 1031565 7751309]
[  927454   530997   302407 10451366]
[  81625  225849  208319 5500207]
[ 4614508 25045037        0    73067]

small_low_contrast
[  329021   265045     8098 11610060]
[  537848    79967   221474 11372935]
[   70894  1198341   807558 10135431]
[  89650     819  446174 5479357]

big_high_contrast
[ 1525420    67741   608013 10011050]
[  74625    3010 2138471 2802006]
[ 669125   58111  429295 3861581]
[1305473   42803 4536351 6327597]
[ 4055387   465698  2852731 22207685]

small_high_contrast
[  257063    65063     2069 11888029]
[  394090   925915        2 10892217]
[ 141656   13788    7225 5853331]
[ 3923343     4112   498604 24854465]
