solver: adam
Accuracy test:
 n_images: 100	n_sample: 40

Acc train
0.0942830097694
0.00732388113396
0.14992460523
0.0363464026106
0.751342690279
0.0606462263068
0.0426484358456
0.0470981305669
0.0399617795717
0.0172093984492
0.134603265321
0.0150177196845
0.0119789660073
0.1659463128
0.0792333972041
0.0313022245922
0.0128473465503
0.0825734268699
0.0617927039557
0.0288778197614
0.0472834178241
0.200943336223
0.030004428698
0.328814333905
0.0274019797222
0.354400665247
0.0613675018374
0.0286175159716
0.00915009045851
0.377330959575
0.271165878296
0.201792562614
0.025191753199
0.37672966568
0.555412316492
0.197621812751
0.257317952245
0.025168196295
0.116063099523
0.00886210730641

Acc test
0.0657577514648
0.222215016683
0.0574264526367
0.0665918986003
0.0356928507487
0.0683670043945
0.0522689819336
0.0540873209635
0.719318389893
0.0745862325033
0.0279782613118
0.183101654053
0.0208015441895
0.314524332682
0.216183980306
0.00990168253581
0.0507926940918
0.232926686605
0.226266225179
0.0659294128418
0.209992726644
0.146264394124
0.0162455240885
0.0606842041016
0.180329640706
0.132766723633
0.0216128031413
0.0879936218262
0.162980397542
0.0504824320475
0.780830383301
0.387561798096
0.268030802409
0.192621866862
0.00507100423177
0.173891703288
0.0199890136719
0.543539683024
0.0534973144531
0.201330820719
