solver: adam
Accuracy test:
 n_images: 50	n_sample: 20
frequency: [0.6, 0.7]	theta: [0, 45]

Score train set: 0.854

Score test set: 0.828

Acc train
0.102543265882
0.00844395910567
0.144662279907
0.0239987549019
0.726499411895
0.0541528357874
0.0384589870311
0.0306937084276
0.0275720332604
0.0156262358491
0.118815013637
0.0162781263315
0.0095602099317
0.141739616316
0.0687023679826
0.031334117473
0.00707413828845
0.061283874828
0.0510890356746
0.010316746132
0.0243230923619
0.182421720408
0.020683550685
0.314017653544
0.10200846164
0.308081902644
0.0475278207037
0.0224467849537
0.0120570124192
0.374263577952
0.254578284304
0.176550162071
0.0228814098336
0.396591080414
0.554384646552
0.202583485668
0.249794466012
0.0248295657991
0.121068941635
0.0108497210863

Acc test
0.0656433105469
0.169007619222
0.0462684631348
0.0491078694661
0.0179456075033
0.0494842529297
0.0503667195638
0.0515645345052
0.678184509277
0.0679677327474
0.0499636332194
0.426387786865
0.0151011149089
0.23381169637
0.178323109945
0.00596110026042
0.0422795613607
0.19051361084
0.251467386882
0.0532430013021
0.140336354574
0.0774726867676
0.00720850626628
0.0392977396647
0.138209025065
0.234572092692
0.012767791748
0.0755322774251
0.158847808838
0.0414708455404
0.755883534749
0.354298909505
0.195330301921
0.144524892171
0.00414657592773
0.094736735026
0.0109036763509
0.376939137777
0.0339279174805
0.126256306966
