Accuracy test:
 n_images: 40	n_sample: 10
frequency: [0.6, 0.7]	theta: [0, 45]

Extracción de características del train: --- 18.090041875839233 seconds ---

Extracción de características del test: --- 11.395731925964355 seconds ---

Loss: 0.35759590383316708
Aprendizaje: --- 1.9379570484161377 seconds ---

Score train set: 0.85

Score test set: 0.8625

Clasificación de imágenes train y test. 15 imágenes
Acc train
--- 540.194819688797 seconds ---
[233425      0 131531 418918]
[ 53432  13893      0 716549]
[124275  22424 113127 524048]
[256322   6003   4390 517159]
[ 98416 425093 171068  89297]
[ 50275  29034  19180 685385]
[ 55295  27349  12267 688963]
[253524   6701   8011 515638]
[173499   6871   4751 598753]
[ 57235   1890   4852 719897]
[132211  73458   6837 571368]
[ 38066   5564    107 740137]
[192437  13038    274 578125]
[143171   1974  73275 565454]
[146688   2352  38166 596668]

Acc test
--- 538.7905414104462 seconds ---
[  7625  34525  29389 714893]
[198853   7622  85904 494053]
[ 68397     28  19590 698417]
[ 66674      1  23896 695861]
[135085  36020    485 614842]
[118746   5529  24245 637912]
[ 84499  56636  10227 635070]
[ 57606  62274    271 666281]
[355728  29737 337058  63909]
[ 65284  56736  32103 632309]
[ 62299 158876      0 565257]
[100100 469070      0 217262]
[118683  17867    175 649707]
[158175      0 142852 485405]
[139950      0 110539 535943]
