Accuracy test:
 n_images: 100	n_sample: 40
frequency: [0.6, 0.7]	theta: [0, 45]

Extracción de características del train: --- 66.86652565002441 seconds ---

Extracción de características del test: --- 139.9796962738037 seconds ---

Aprendizaje: 
Loss: 0.326777705528
--- 4.410996198654175 seconds ---

Score train set: 0.85775

Score test set: 0.84375

Clasificación de imágenes train y test. 15 imágenes
Acc train
--- 530.400622844696 seconds ---
[199275      0 165681 418918]
[ 53371   6579     61 723863]
[100800  25684 136602 520788]
[243995    580  16717 522582]
[132666 426818 136818  87572]
[ 41500  29509  27955 684910]
[ 45975  29804  21587 686508]
[240839   1061  20696 521278]
[153290   1650  24960 603974]
[ 47198     77  14889 721710]
[112122  63542  26926 581284]
[ 38017   8218    156 737483]
[188787   5463   3924 585700]
[ 85975   1265 130471 566163]
[128825   1815  56029 597205]

Acc test
--- 528.1602437496185 seconds ---
[   375   4400  36639 745018]
[159935   7340 124822 494335]
[ 56425      0  31562 698445]
[ 56950      0  33620 695862]
[130095   8305   5475 642557]
[ 67650      0  75341 643441]
[ 72222   1878  22504 689828]
[ 54339  19301   3538 709254]
[248563  19057 444223  74589]
[ 52925   3955  44462 685090]
[ 61946  17199    353 706934]
[100100 223545      0 462787]
[106427   1048  12431 666526]
[ 82975    125 218052 485280]
[ 67200      0 183289 535943]
