Accuracy test:
 n_images: 200	n_sample: 50
frequency: [0.6, 0.7]	theta: [0, 45]

Extracción de características del train: --- 140.1208655834198 seconds ---

Extracción de características del test: --- 418.0046052932739 seconds ---

Aprendizaje: 
Loss: 0.29990664599
--- 6.215306043624878 seconds ---

Score train set: 0.8794

Score test set: 0.8494

Clasificación de imágenes train y test. 15 imágenes
Acc train
--- 544.0250773429871 seconds ---
[208900      0 156056 418918]
[ 53195   4580    237 725862]
[ 95925  28244 141477 518228]
[239337    138  21375 523024]
[121253 421906 148231  92484]
[ 40375  31944  29080 682475]
[ 44675  33129  22887 683183]
[234721    379  26814 521960]
[149152   1638  29098 603986]
[ 45725      0  16362 721787]
[109050  61909  29998 582917]
[ 37892   7873    281 737828]
[186742   2858   5969 588305]
[ 79900   1330 136546 566098]
[125600   1865  59254 597155]

Acc test
--- 540.5294225215912 seconds ---
[     0   1425  37014 747993]
[137300   5900 147457 495775]
[ 53125      0  34862 698445]
[ 48225      0  42345 695862]
[124914   2811  10656 648051]
[ 58025      0  84966 643441]
[ 69437   1313  25289 690393]
[ 52366  15874   5511 712681]
[165480  10605 527306  83041]
[ 48975   2920  48412 686125]
[ 61463  14742    836 709391]
[ 99894 145391    206 540941]
[103788    487  15070 667087]
[ 56950      0 244077 485405]
[ 48250      0 202239 535943]
