Accuracy test:
 n_images: 100	n_sample: 40
frequency: [0.6, 0.7]	theta: [0, 45]

Extracción de características del train: --- 62.338881492614746 seconds ---

Extracción de características del test: --- 121.01666450500488 seconds ---

Aprendizaje: 
Loss: 0.358848234345
--- 5.05609655380249 seconds ---

Score train set: 0.8775

Score test set: 0.82625

Clasificación de imágenes train y test. 15 imágenes
Acc train
--- 458.01112818717957 seconds ---
[281400      0  83556 418918]
[ 53268   4782    164 725660]
[124725  12310 112677 534162]
[233813     12  26899 523150]
[ 98617 414342 170867 100048]
[ 44450  20264  25005 694155]
[ 50775  16115  16787 700197]
[227440     60  34095 522279]
[150815   3410  27435 602214]
[ 47573      2  14514 721785]
[112450  74999  26598 569827]
[ 38122   8928     51 736773]
[184740   1010   7971 590153]
[ 89375   2700 127071 564728]
[126425   2675  58429 596345]

Acc test
--- 325.92980313301086 seconds ---
[   250  13025  36764 736393]
[125675   3950 159082 497725]
[ 45525      0  42462 698445]
[ 42025      0  48545 695862]
[113114    236  22456 650626]
[ 88300      0  54691 643441]
[ 66940   7840  27786 683866]
[ 51733  32732   6144 695823]
[140158  10642 552628  83004]
[ 44675   3030  52712 686015]
[ 58697  14408   3602 709725]
[ 99432 177508    668 508824]
[105330   3195  13528 664379]
[ 63900      0 237127 485405]
[ 83075      0 167414 535943]
