Accuracy test:
 n_images: 200	n_sample: 50
frequency: [0.6, 0.7]	theta: [0, 45]

Extracción de características del train: --- 118.39681577682495 seconds ---

Extracción de características del test: --- 372.24715089797974 seconds ---

Aprendizaje: 
Loss: 0.320455830593
--- 6.810146331787109 seconds ---

Score train set: 0.8893

Score test set: 0.826

Clasificación de imágenes train y test. 15 imágenes
Acc train
--- 322.3459780216217 seconds ---
[278200      0  86756 418918]
[ 53218   4357    214 726085]
[120575  12235 116827 534237]
[231798      2  28914 523160]
[ 97335 414024 172149 100366]
[ 43500  19759  25955 694660]
[ 50150  15890  17412 700422]
[225058     42  36477 522297]
[148240   3270  30010 602354]
[ 46650      0  15437 721787]
[110475  74134  28573 570692]
[ 38064   7811    109 737890]
[183890    885   8821 590278]
[ 84475   2550 131971 564878]
[124475   2550  60379 596470]

Acc test
--- 325.4029679298401 seconds ---
[    75  10650  36939 738768]
[121800   3800 162957 497875]
[ 44250      0  43737 698445]
[ 40725      0  49845 695862]
[110305    195  25265 650667]
[ 83450      0  59541 643441]
[ 65690   5030  29036 686676]
[ 51136  31179   6741 697376]
[133885   9925 558901  83721]
[ 43475   1965  53912 687080]
[ 58047  11223   4252 712910]
[ 98873 159902   1227 526430]
[103544   2606  15314 664968]
[ 55175      0 245852 485405]
[ 76600      0 173889 535943]
