Accuracy test:
 n_images: 40	n_sample: 10
frequency: [0.6, 0.7]	theta: [0, 45]

Extracción de características del train: --- 17.740134239196777 seconds ---

Extracción de características del test: --- 10.656854629516602 seconds ---

Aprendizaje: 
Loss: 0.0795902402051
--- 1.584911823272705 seconds ---

Score train set: 0.97

Score test set: 0.865

Clasificación de imágenes train y test. 15 imágenes
Acc train
--- 538.5572924613953 seconds ---
[263988  10887 100968 408031]
[ 53432  21643      0 708799]
[229242  89073   8160 457399]
[260160  23340    552 499822]
[196385  52765  73099 461625]
[ 58617  16603  10838 697816]
[ 65025  20620   2537 695692]
[260573  28127    962 494212]
[177971  27509    279 578115]
[ 58480   4445   3607 717342]
[138943  26232    105 618594]
[ 36032 231712   2141 513989]
[157093  25582  35618 565581]
[209943  19996   6503 547432]
[177744 171555   7110 427465]

Acc test
--- 537.8251931667328 seconds ---
[ 31929  37166   5085 712252]
[284443 265962    314 235713]
[ 85654   4521   2333 693924]
[ 84467  12858   6103 683004]
[135570 159800      0 491062]
[142412  64753    579 578688]
[ 92485 208370   2241 483336]
[ 53927  52973   3950 675582]
[304853   6237 387933  87409]
[ 87639 155966   9748 533079]
[ 62299 270376      0 453757]
[100100 678555      0   7777]
[118840  53815     18 613759]
[213835   3580  87192 481825]
[240193 294242  10296 241701]
