Accuracy test:
 n_images: 200	n_sample: 50
frequency: [0.6, 0.7]	theta: [0, 45]

Extracción de características del train: --- 140.77938604354858 seconds ---

Extracción de características del test: --- 460.105167388916 seconds ---

Aprendizaje: 
Loss: 0.213739008004
--- 28.503819227218628 seconds ---

Score train set: 0.9199

Score test set: 0.7435

Clasificación de imágenes train y test. 15 imágenes
Acc train
--- 535.254800081253 seconds ---
[327185  18015  37771 400903]
[ 53432  19093      0 711349]
[220818  18607  16584 527865]
[258501  17849   2211 505313]
[174557   6843  94927 507547]
[ 60617  31453   8838 682966]
[ 66861  15364    701 700948]
[250705  11070  10830 511269]
[176577  14228   1673 591396]
[ 59266   3834   2821 717953]
[136511  10539   2537 634287]
[ 38171 108503      2 637198]
[170264  18336  22447 572827]
[159354   3205  57092 564223]
[155503   8071  29351 590949]

Acc test
--- 533.6299788951874 seconds ---
[  6992  26683  30022 722735]
[120677   6623 164080 495052]
[ 62542    583  25445 697862]
[ 51212    238  39358 695624]
[127524   6876   8046 643986]
[126378  17322  16613 626119]
[ 88468  84142   6258 607564]
[ 57877  57263      0 671292]
[112416   6604 580370  87042]
[ 62175  28040  35212 661005]
[ 62299 119716      0 604417]
[ 99359 228856    741 457476]
[118719  25031    139 642543]
[101425   1950 199602 483455]
[142896  45329 107593 490614]
