Accuracy test:
 n_images: 20	n_sample: 10
frequency: [0.6, 0.7]	theta: [0, 45]

Extracción de características del train: --- 7.9090917110443115 seconds ---

Extracción de características del test: --- 5.8841845989227295 seconds ---

Aprendizaje: 
Loss: 0.0294131657542
--- 1.5348126888275146 seconds ---

Score train set: 1.0

Score test set: 0.78

Clasificación de imágenes train y test. 15 imágenes
Acc train
--- 358.6205086708069 seconds ---
[287128    622  77828 418296]
[ 53432  15068      0 715374]
[217227  42613  20175 503859]
[257078   5272   3634 517890]
[226033  50242  43451 464148]
[ 49765  44600  19690 669819]
[ 54401  40469  13161 675843]
[255869   5631   5666 516708]
[177021  12978   1229 592646]
[ 60922  42307   1165 679480]
[137593  33202   1455 611624]
[ 38173 151447      0 594254]
[192050   8900    661 582263]
[172407  11643  44039 555785]
[155450  14024  29404 584996]

Acc test
--- 389.71660923957825 seconds ---
[ 19275  69920  17739 679498]
[273030  61515  11727 440160]
[ 72050      0  15937 698445]
[ 69174    801  21396 695061]
[135570  72320      0 578542]
[134227  37533   8764 605908]
[ 87930 165475   6796 526231]
[ 57245  63005    632 665550]
[295103  15867 397683  77779]
[ 72512 135398  24875 553647]
[ 62299 265131      0 459002]
[100100 649680      0  36652]
[118858  57842      0 609732]
[187361    914 113666 484491]
[185234  29686  65255 506257]
