Accuracy test:
 n_images: 200	n_sample: 50
frequency: [0.6, 0.7]	theta: [0, 45]

Extracción de características del train: --- 125.12542366981506 seconds ---

Extracción de características del test: --- 393.5040907859802 seconds ---

Aprendizaje: 
Loss: 0.266512503589
--- 29.94587230682373 seconds ---

Score train set: 0.8987

Score test set: 0.7297

Clasificación de imágenes train y test. 15 imágenes
Acc train
--- 319.4691789150238 seconds ---
[303350      0  61606 418918]
[ 51557  10118   1875 720324]
[173523  29522  63879 516950]
[241039     86  19673 523076]
[117862  35688 151622 478702]
[ 53050  37065  16405 677354]
[ 61623  30457   5939 685855]
[234530    120  27005 522219]
[165451  10974  12799 594650]
[ 56193   3107   5894 718680]
[125513  53547  13535 591279]
[ 38173  37686      0 708015]
[163317   1883  29394 589280]
[118600  10309  97846 557119]
[134750  10650  50104 588370]

Acc test
--- 321.1614601612091 seconds ---
[   675  27505  36339 721913]
[128100   2375 156657 499300]
[ 47900      0  40087 698445]
[ 43275      0  47295 695862]
[119820   1755  15750 649107]
[107895   5205  35096 638236]
[ 74449  72616  20277 619090]
[ 53877  52158   4000 676397]
[165637  14638 527149  79008]
[ 48825  20475  48562 668570]
[ 61335  78920    964 645213]
[ 99258 161677    842 524655]
[116343  12532   2515 655042]
[ 82850      0 218177 485405]
[100625      0 149864 535943]
