Accuracy test:
 n_images: 100	n_sample: 40
frequency: [0.6, 0.7]	theta: [0, 45]

Extracción de características del train: --- 65.44971203804016 seconds ---

Extracción de características del test: --- 131.4245970249176 seconds ---

Aprendizaje: 
Loss: 0.18366236953
--- 11.993798017501831 seconds ---

Score train set: 0.9315

Score test set: 0.73025

Clasificación de imágenes train y test. 15 imágenes
Acc train
--- 525.7130970954895 seconds ---
[324980  27370  39976 391548]
[ 53432  15318      0 715124]
[217276  31849  20126 514623]
[259604  14896   1108 508266]
[190802  10148  78682 504242]
[ 54637  22563  14818 691856]
[ 64143  12202   3419 704110]
[252963  15187   8572 507152]
[177828  14372    422 591252]
[ 60035   2265   2052 719522]
[138753  13922    295 630904]
[ 36366 122353   1807 623348]
[190269  14706   2442 576457]
[195437   3583  21009 563845]
[166668  11646  18186 587374]

Acc test
--- 522.3685531616211 seconds ---
[ 20080  58730  16934 690688]
[115249  66276 169508 435399]
[ 55216    584  32771 697861]
[ 51694  17476  38876 678386]
[116970   4280  18600 646582]
[140906  49889   2085 593552]
[ 90904 160146   3822 531560]
[ 57257  57053    620 671502]
[121021   7054 571765  86592]
[ 59675  55155  37712 633890]
[ 61265 214385   1034 509748]
[ 98673 229582   1427 456750]
[118822  57928     36 609646]
[120909   2681 180118 482724]
[187411  79134  63078 456809]
