Accuracy test:
 n_images: 100	n_sample: 40
frequency: [0.6, 0.7]	theta: [0, 45]

Extracción de características del train: --- 75.85779857635498 seconds ---

Extracción de características del test: --- 212.73585271835327 seconds ---

Aprendizaje: 
Loss: 0.242634486608
--- 18.23642635345459 seconds ---

Score train set: 0.91125

Score test set: 0.7535

Clasificación de imágenes train y test. 15 imágenes
Acc train
--- 326.64900255203247 seconds ---
[296625      0  68331 418918]
[ 52107  13493   1325 716949]
[187075   4840  50327 541632]
[243403    197  17309 522965]
[170459  42041  99025 472349]
[ 55771   6754  13684 707665]
[ 63282   5032   4280 711280]
[237298    277  24237 522062]
[172269   6806   5981 598818]
[ 59959   5791   2128 715996]
[133379  27926   5669 616900]
[ 38173  71642      0 674059]
[157605   2595  35106 588568]
[140950   3359  75496 564069]
[141850   8249  43004 590771]

Acc test
--- 327.8396215438843 seconds ---
[  1475  43270  35539 706148]
[109800   1850 174957 499825]
[ 46025      0  41962 698445]
[ 40450      0  50120 695862]
[115360   1440  20210 649422]
[118835  21390  24156 622051]
[ 78885 132685  15841 559021]
[ 55199  55681   2678 672874]
[182102  15103 510684  78543]
[ 49200  33215  48187 655830]
[ 61766 115404    533 608729]
[ 96402 159108   3698 527224]
[118625  34290    233 633284]
[ 97500      0 203527 485405]
[117850      0 132639 535943]
