Accuracy test:
 n_images: 40	n_sample: 10
frequency: [0.6, 0.7]	theta: [0, 45]

Extracción de características del train: --- 16.735504627227783 seconds ---

Extracción de características del test: --- 12.349802255630493 seconds ---

Aprendizaje: 
Loss: 0.102335696448
--- 1.6724841594696045 seconds ---

Score train set: 0.96

Score test set: 0.8475

Clasificación de imágenes train y test. 15 imágenes
Acc train
--- 326.90737318992615 seconds ---
[281909    391  83047 418527]
[ 53432  13543      0 716899]
[205299  27051  32103 519421]
[256234   4491   4478 518671]
[189899  48751  79585 465639]
[ 57279    971  12176 713448]
[ 65059   2066   2503 714246]
[253987   4113   7548 518226]
[175527  15413   2723 590211]
[ 59967  21002   2120 700785]
[135936  47924   3112 596902]
[ 38173  78292      0 667409]
[171050   7475  21661 583688]
[160826  15348  55620 552080]
[150573  24291  34281 574729]

Acc test
--- 324.92987847328186 seconds ---
[ 15800  63950  21214 685468]
[267283  48287  17474 453388]
[ 71050      0  16937 698445]
[ 68124     76  22446 695786]
[135570  65860      0 585002]
[129404  21596  13587 621845]
[ 85909 142776   8817 548930]
[ 56888  65972    989 662583]
[275855  16095 416931  77551]
[ 71777 129273  25610 559772]
[ 62299 260831      0 463302]
[100100 631030      0  55302]
[118858  46157      0 621417]
[179975    475 121052 484930]
[167312   5838  83177 530105]
