Accuracy test:
 n_images: 20	n_sample: 10
frequency: [0.6, 0.7]	theta: [0, 45]

Extracción de características del train: --- 11.17863392829895 seconds ---

Extracción de características del test: --- 7.724914312362671 seconds ---

Aprendizaje: 
Loss: 0.00242032481018
--- 1.288992166519165 seconds ---

Score train set: 1.0

Score test set: 0.865

Clasificación de imágenes train y test. 15 imágenes
Acc train
--- 630.5107614994049 seconds ---
[333921    579  31035 418339]
[ 53430  15970      2 714472]
[195392  12248  42010 534224]
[249676   2624  11036 520538]
[246243  85207  23241 429183]
[ 58070  15874  11385 698545]
[ 64615  12970   2947 703342]
[249669   4531  11866 517808]
[162165   8060  16085 597564]
[ 50493   3182  11594 718605]
[119886  54504  19162 590322]
[ 38173 119946      0 625755]
[191475   8750   1236 582413]
[116438   5102 100008 562326]
[146672  10228  38182 588792]

Acc test
--- 607.9974653720856 seconds ---
[  8400   6750  28614 742668]
[179799  18226 104958 483449]
[ 56175      0  31812 698445]
[ 61175      0  29395 695862]
[129589   6936   5981 643926]
[111305  14210  31686 629231]
[ 74442  26533  20284 665173]
[ 56622  37308   1255 691247]
[244267  19343 448519  74303]
[ 53650    430  43737 688615]
[ 61801   7939    498 716194]
[100100 549130      0 137202]
[109733   2392   9125 665182]
[149979   2421 151048 482984]
[165776  87454  84713 448489]
